2943.84
2846.66
2775.3
2712.39
2652.91
2598.42
2545.04
2493.49
2443.15
2394.33
2347.29
2299.79
2254.2
2210.27
2166.11
2123.58
2081.02
2040.81
2001.31
1961.63
1923.9
1887.09
1849.84
1813.58
1778.78
1743.7
1709.51
1675.58
1642.14
1610.02
1579.07
1547.66
1516.82
1487.09
1457.64
1428.35
1400.33
1372.49
1345.01
1317.78
1290.98
1264.78
1239.16
1213.79
1189.62
1165.19
1141.52
1117.59
1094.33
1071.18
1048.74
1025.94
1004.04
983.001
962.172
941.365
921.285
901.112
881.709
862.823
843.632
825.17
806.482
788.256
770.111
753.102
736.283
719.363
702.671
686.084
669.743
654.077
638.735
623.795
608.813
594.211
579.874
566.16
552.371
538.815
525.115
511.647
498.75
486.149
473.601
461.288
449.329
437.538
426.095
414.83
403.747
392.795
382.251
371.921
362.02
352.16
342.262
332.593
323.283
314.095
305.265
296.721
288.231
279.933
271.74
263.737
255.956
248.524
240.882
233.563
226.454
219.54
212.729
206.107
199.776
193.356
187.161
181.32
175.598
169.9
164.512
159.208
154.049
148.928
143.928
139.11
134.445
129.954
125.634
121.442
117.256
113.331
109.546
105.814
102.134
98.6438
95.2009
91.8464
88.6301
85.5337
82.5017
79.6007
76.7174
73.9777
71.3681
68.7866
66.2468
63.8297
61.5768
59.3048
57.1384
55.0436
53.0112
51.066
49.1702
47.3169
45.515
43.8143
42.1314
40.5531
39.0217
37.5913
36.1591
34.7702
33.4138
32.1097
30.8807
29.7066
28.57
27.4916
26.4489
25.4175
24.4352
23.5228
22.6329
21.7926
20.9755
20.2073
19.4782
18.7674
18.1026
17.4541
16.8533
16.266
15.7105
15.1685
14.6449
14.1464
13.6792
13.2348
12.7969
12.3713
11.9723
11.5857
11.1994
10.7936
10.3714
9.86176
9.19458
0