4085.63
3903.91
3777.62
3672.11
3578.94
3491.24
3409.79
3333.74
3259.09
3189.35
3116.28
3046.76
2981.52
2917.18
2854.35
2792.41
2730.8
2671.49
2612.63
2557.24
2502.91
2449.73
2398.11
2348.4
2298.66
2249.71
2202.29
2155.81
2109.91
2063.85
2019.01
1977.12
1935.56
1894.1
1854.45
1813.81
1774.71
1737.04
1698.47
1661.33
1625.15
1590.81
1556.43
1521.98
1487.59
1454.79
1421.22
1388.99
1356.78
1325.78
1296.41
1267.67
1238.52
1210.83
1183.62
1155.61
1128.43
1100.83
1074.69
1049.67
1023.89
999.332
975.183
951.027
927.509
905.099
882.576
860.537
838.849
817.551
796.841
776.036
756.686
737.383
717.766
698.419
679.164
661.014
643.131
625.653
608.152
591.448
575.347
559.121
543.808
528.604
513.432
498.676
484.201
470.403
456.36
442.639
429.3
416.59
404.093
392.342
380.006
367.919
356.414
345.393
334.59
323.881
313.572
303.557
293.471
283.811
274.234
264.994
256.318
247.641
238.936
230.581
222.682
214.645
207.236
200.271
193.083
186.036
179.436
172.953
166.53
160.538
154.671
149.104
143.561
138.26
133.065
128.142
123.366
118.738
114.289
109.871
105.512
101.482
97.7193
94.018
90.5767
87.092
83.6489
80.4343
77.2485
74.1345
71.3092
68.5455
65.906
63.2711
60.7384
58.1425
55.6677
53.2314
50.8884
48.6489
46.4583
44.3874
42.3793
40.4204
38.5549
36.7783
35.1338
33.5877
32.0839
30.693
29.3883
28.2294
27.141
26.1327
25.2027
24.3562
23.5339
22.7429
21.9982
21.32
20.7039
20.1029
19.5427
19.0183
18.5151
18.0256
17.5653
17.133
16.7044
16.2915
15.9046
15.5389
15.1772
14.8363
14.5051
14.1867
13.8787
13.5697
13.2827
13.0053
12.7242
12.4437
12.1726
11.9038
11.603
11.2637
10.8075
8.57481
